input1:
10 5
5
40
77
80
10
11
output1:
1
2
1
1
1

input2:
3 7
4
44
58
61
78
output2:
1
1
2
1

input3:
2 11
6
64
65
70
71
73
79

output3:
1
2
2
1
2
2

input4:
3 13
7
60
61
62
63
64
65
66

output4:
2
1
1
1
2
2
2

input5:
8 17
4
70
71
77
80

output5:
1
1
2
2

input6:
1 3
6
30
44
55
66
77
80

output6:
2
2
1
2
1
2

input7:
19 41
7
131
267
2864
2813
9189
6594
7770

output7:
2
1
1
1
2
1
1

input8:
77 23
5
3728
6791
16516
21229
60027

output8:
1
1
2
1
1

input9:
69 51
7
28653
68620
36827
36301
38168
22822
40044

output9:
1
1
1
1
2
2
1

input10:
54 81
7
35336
20618
42955
39439
41947
49525
76103

output10:
1
1
2
2
1
1
1
